Last login: Fri Jun  2 16:43:28 on ttys000
Xues-MacBook-Pro:~ xueyinzhang$ cd /Users/xueyinzhang/Documents/Uni/MTRX5700/MTRX5700-Major/code/PS-drone 
Xues-MacBook-Pro:PS-drone xueyinzhang$ python firstNavData.py
Battery: 4%  empty
------------------
##### Demo Mode: On   , NavData-Packages: None
Number of package : 9056
Receifetime :       1496386098.52 , 	0.0663731098175 sec ago
Time to decode :    5.19752502441e-05
Included packages : ['demo', 'state']
State-data :        [0, 0, 1, 0, 1, 0, 1, 1, 0, 0, 1, 0, 0, 0, 0, 1, 0, 0, 1, 0, 0, 0, 0, 1, 1, 1, 1, 1, 0, 0, 0, 0]
Demo-data :         [[0, 0, 1, 0, 0, 0, 0, 0, 0, 0, 0, 0], 4, [-3.082, -0.684, 97.074], 0.0, [0.0, 0.0, 0.0], 0, [0.0, 0.0, 0.0, 0.0, 0.0, 0.0, 0.0, 0.0, 0.0], [0.0, 0.0, 0.0], 0, 3, [-0.12298917770385742, -0.9923943281173706, -0.005239060148596764, 0.9909497499465942, -0.12252062559127808, -0.05484086275100708, 0.05378185957670212, -0.011936472728848457, 0.9984813332557678], [0.32117918133735657, 0.7787843346595764, -239.0]]
------------------
##### Demo Mode: On   , NavData-Packages: None
Number of package : 9057
Receifetime :       1496386098.58 , 	0.0660929679871 sec ago
Time to decode :    5.19752502441e-05
Included packages : ['demo', 'state']
State-data :        [0, 0, 1, 0, 1, 0, 1, 1, 0, 0, 1, 0, 0, 0, 0, 1, 0, 0, 1, 0, 0, 0, 0, 1, 1, 1, 1, 1, 0, 0, 0, 0]
Demo-data :         [[0, 0, 1, 0, 0, 0, 0, 0, 0, 0, 0, 0], 4, [-3.074, -0.682, 97.078], 0.0, [0.0, 0.0, 0.0], 0, [0.0, 0.0, 0.0, 0.0, 0.0, 0.0, 0.0, 0.0, 0.0], [0.0, 0.0, 0.0], 0, 3, [-0.12304359674453735, -0.9923875331878662, -0.0052171554416418076, 0.9909510612487793, -0.12257802486419678, -0.054687097668647766, 0.053631290793418884, -0.011898843571543694, 0.9984899163246155], [0.32113680243492126, 0.7788017392158508, -239.0]]
------------------
##### Demo Mode: On   , NavData-Packages: None
Number of package : 9058
Receifetime :       1496386098.65 , 	0.066104888916 sec ago
Time to decode :    5.41210174561e-05
Included packages : ['demo', 'state']
State-data :        [0, 0, 1, 0, 1, 0, 1, 1, 0, 0, 1, 0, 0, 0, 0, 1, 0, 0, 1, 0, 0, 0, 0, 1, 1, 1, 1, 1, 0, 0, 0, 0]
Demo-data :         [[0, 0, 1, 0, 0, 0, 0, 0, 0, 0, 0, 0], 4, [-3.069, -0.682, 97.08], 0.0, [0.0, 0.0, 0.0], 0, [0.0, 0.0, 0.0, 0.0, 0.0, 0.0, 0.0, 0.0, 0.0], [0.0, 0.0, 0.0], 0, 3, [-0.12308371067047119, -0.9923825860023499, -0.005220051854848862, 0.9909510016441345, -0.12261897325515747, -0.054595690220594406, 0.053539734333753586, -0.011892657727003098, 0.9984949231147766], [0.3211060166358948, 0.7788145542144775, -239.0]]
------------------
##### Demo Mode: On   , NavData-Packages: None
Number of package : 9059
Receifetime :       1496386098.71 , 	0.0662021636963 sec ago
Time to decode :    5.29289245605e-05
Included packages : ['demo', 'state']
State-data :        [0, 0, 1, 0, 1, 0, 1, 1, 0, 0, 1, 0, 0, 0, 0, 1, 0, 0, 1, 0, 0, 0, 0, 1, 1, 1, 1, 1, 0, 0, 0, 0]
Demo-data :         [[0, 0, 1, 0, 0, 0, 0, 0, 0, 0, 0, 0], 4, [-3.063, -0.68, 97.083], 0.0, [0.0, 0.0, 0.0], 0, [0.0, 0.0, 0.0, 0.0, 0.0, 0.0, 0.0, 0.0, 0.0], [0.0, 0.0, 0.0], 0, 3, [-0.12313705682754517, -0.9923760890960693, -0.0051939599215984344, 0.9909499883651733, -0.12267488241195679, -0.05448959022760391, 0.0534370020031929, -0.01185663603246212, 0.9985008239746094], [0.32106444239616394, 0.7788316011428833, -239.0]]
------------------
##### Demo Mode: On   , NavData-Packages: None
Number of package : 9060
Receifetime :       1496386098.78 , 	0.0656170845032 sec ago
Time to decode :    5.29289245605e-05
Included packages : ['demo', 'state']
State-data :        [0, 0, 1, 0, 1, 0, 1, 1, 0, 0, 1, 0, 0, 0, 0, 1, 0, 0, 1, 0, 0, 0, 0, 1, 1, 1, 1, 1, 0, 0, 0, 0]
Demo-data :         [[0, 0, 1, 0, 0, 0, 0, 0, 0, 0, 0, 0], 4, [-3.07, -0.678, 97.086], 0.0, [0.0, 0.0, 0.0], 0, [0.0, 0.0, 0.0, 0.0, 0.0, 0.0, 0.0, 0.0, 0.0], [0.0, 0.0, 0.0], 0, 3, [-0.12318331003189087, -0.9923707246780396, -0.005144765600562096, 0.9909375905990601, -0.122722327709198, -0.05460852384567261, 0.053560517728328705, -0.011824993416666985, 0.9984946250915527], [0.32102763652801514, 0.778846800327301, -239.0]]
------------------
##### Demo Mode: On   , NavData-Packages: None
Number of package : 9061
Receifetime :       1496386098.84 , 	0.0660090446472 sec ago
Time to decode :    5.19752502441e-05
Included packages : ['demo', 'state']
State-data :        [0, 0, 1, 0, 1, 0, 1, 1, 0, 0, 1, 0, 0, 0, 0, 1, 0, 0, 1, 0, 0, 0, 0, 1, 1, 1, 1, 1, 0, 0, 0, 0]
Demo-data :         [[0, 0, 1, 0, 0, 0, 0, 0, 0, 0, 0, 0], 4, [-3.075, -0.685, 97.087], 0.0, [0.0, 0.0, 0.0], 0, [0.0, 0.0, 0.0, 0.0, 0.0, 0.0, 0.0, 0.0, 0.0], [0.0, 0.0, 0.0], 0, 3, [-0.12320482730865479, -0.9923673868179321, -0.0052618589252233505, 0.9909300804138184, -0.12273627519607544, -0.054712798446416855, 0.05364937335252762, -0.011955011636018753, 0.9984882473945618], [0.32101020216941833, 0.7788540720939636, -239.0]]
------------------
##### Demo Mode: On   , NavData-Packages: None
Number of package : 9062
Receifetime :       1496386098.91 , 	0.0653491020203 sec ago
Time to decode :    5.22136688232e-05
Included packages : ['demo', 'state']
State-data :        [0, 0, 1, 0, 1, 0, 1, 1, 0, 0, 1, 0, 0, 0, 0, 1, 0, 0, 1, 0, 0, 0, 0, 1, 1, 1, 1, 1, 0, 0, 0, 0]
Demo-data :         [[0, 0, 1, 0, 0, 0, 0, 0, 0, 0, 0, 0], 4, [-3.078, -0.682, 97.088], 0.0, [0.0, 0.0, 0.0], 0, [0.0, 0.0, 0.0, 0.0, 0.0, 0.0, 0.0, 0.0, 0.0], [0.0, 0.0, 0.0], 0, 3, [-0.12321639060974121, -0.9923662543296814, -0.005201153457164764, 0.9909256100654602, -0.12275046110153198, -0.054762907326221466, 0.05370641499757767, -0.01190163940191269, 0.9984858632087708], [0.3210009038448334, 0.7788578867912292, -240.0]]
------------------
##### Demo Mode: On   , NavData-Packages: None
Number of package : 9063
Receifetime :       1496386098.97 , 	0.0661630630493 sec ago
Time to decode :    4.60147857666e-05
Included packages : ['demo', 'state']
State-data :        [0, 0, 1, 0, 1, 0, 1, 1, 0, 0, 1, 0, 0, 0, 0, 1, 0, 0, 1, 0, 0, 0, 0, 1, 1, 1, 1, 1, 0, 0, 0, 0]
Demo-data :         [[0, 0, 1, 0, 0, 0, 0, 0, 0, 0, 0, 0], 4, [-3.08, -0.68, 97.089], 0.0, [0.0, 0.0, 0.0], 0, [0.0, 0.0, 0.0, 0.0, 0.0, 0.0, 0.0, 0.0, 0.0], [0.0, 0.0, 0.0], 0, 3, [-0.12324392795562744, -0.9923630356788635, -0.005160996690392494, 0.9909202456474304, -0.12277978658676147, -0.05479404330253601, 0.05374191701412201, -0.011867165565490723, 0.9984843134880066], [0.3209789991378784, 0.7788668870925903, -239.0]]
------------------
##### Demo Mode: On   , NavData-Packages: None
Number of package : 9064
Receifetime :       1496386099.04 , 	0.0664989948273 sec ago
Time to decode :    5.19752502441e-05
Included packages : ['demo', 'state']
State-data :        [0, 0, 1, 0, 1, 0, 1, 1, 0, 0, 1, 0, 0, 0, 0, 1, 0, 0, 1, 0, 0, 0, 0, 1, 1, 1, 1, 1, 0, 0, 0, 0]
Demo-data :         [[0, 0, 1, 0, 0, 0, 0, 0, 0, 0, 0, 0], 4, [-3.083, -0.677, 97.092], 0.0, [0.0, 0.0, 0.0], 0, [0.0, 0.0, 0.0, 0.0, 0.0, 0.0, 0.0, 0.0, 0.0], [0.0, 0.0, 0.0], 0, 3, [-0.12330049276351929, -0.9923563599586487, -0.005089264363050461, 0.9909105896949768, -0.12283962965011597, -0.054833412170410156, 0.05378912389278412, -0.011803990229964256, 0.9984825849533081], [0.3209340572357178, 0.7788854241371155, -240.0]]
------------------
##### Demo Mode: On   , NavData-Packages: None
Number of package : 9065
Receifetime :       1496386099.1 , 	0.0672800540924 sec ago
Time to decode :    5.3882598877e-05
Included packages : ['demo', 'state']
State-data :        [0, 0, 1, 0, 1, 0, 1, 1, 0, 0, 1, 0, 0, 0, 0, 1, 0, 0, 1, 0, 0, 0, 0, 1, 1, 1, 1, 1, 0, 0, 0, 0]
Demo-data :         [[0, 0, 1, 0, 0, 0, 0, 0, 0, 0, 0, 0], 4, [-3.09, -0.675, 97.094], 0.0, [0.0, 0.0, 0.0], 0, [0.0, 0.0, 0.0, 0.0, 0.0, 0.0, 0.0, 0.0, 0.0], [0.0, 0.0, 0.0], 0, 3, [-0.12332004308700562, -0.9923542141914368, -0.005045199766755104, 0.9909016489982605, -0.1228601336479187, -0.0549495667219162, 0.053909577429294586, -0.011775674298405647, 0.9984763860702515], [0.320918470621109, 0.7788918018341064, -239.0]]
------------------
##### Demo Mode: On   , NavData-Packages: None
Number of package : 9066
Receifetime :       1496386099.17 , 	0.0646848678589 sec ago
Time to decode :    5.31673431396e-05
Included packages : ['demo', 'state']
State-data :        [0, 0, 1, 0, 1, 0, 1, 1, 0, 0, 1, 0, 0, 0, 0, 1, 0, 0, 1, 0, 0, 0, 0, 1, 1, 1, 1, 1, 0, 0, 0, 0]
Demo-data :         [[0, 0, 1, 0, 0, 0, 0, 0, 0, 0, 0, 0], 4, [-3.091, -0.673, 97.095], 0.0, [0.0, 0.0, 0.0], 0, [0.0, 0.0, 0.0, 0.0, 0.0, 0.0, 0.0, 0.0, 0.0], [0.0, 0.0, 0.0], 0, 3, [-0.12333601713180542, -0.9923524260520935, -0.005007382482290268, 0.9908990263938904, -0.1228780746459961, -0.05495798960328102, 0.053922392427921295, -0.011740107089281082, 0.9984760880470276], [0.3209058344364166, 0.7788969874382019, -239.0]]
------------------
##### Demo Mode: On   , NavData-Packages: None
Number of package : 9067
Receifetime :       1496386099.23 , 	0.0656290054321 sec ago
Time to decode :    5.19752502441e-05
Included packages : ['demo', 'state']
State-data :        [0, 0, 1, 0, 1, 0, 1, 1, 0, 0, 1, 0, 0, 0, 0, 1, 0, 0, 1, 0, 0, 0, 0, 1, 1, 1, 1, 1, 0, 0, 0, 0]
Demo-data :         [[0, 0, 1, 0, 0, 0, 0, 0, 0, 0, 0, 0], 4, [-3.098, -0.67, 97.096], 0.0, [0.0, 0.0, 0.0], 0, [0.0, 0.0, 0.0, 0.0, 0.0, 0.0, 0.0, 0.0, 0.0], [0.0, 0.0, 0.0], 0, 3, [-0.12335586547851562, -0.9923502802848816, -0.004938242956995964, 0.9908892512321472, -0.12290012836456299, -0.05508386343717575, 0.054055579006671906, -0.011688163504004478, 0.9984694719314575], [0.3208894729614258, 0.7789037227630615, -239.0]]
------------------
##### Demo Mode: On   , NavData-Packages: None
Number of package : 9068
Receifetime :       1496386099.3 , 	0.0658249855042 sec ago
Time to decode :    5.3882598877e-05
Included packages : ['demo', 'state']
State-data :        [0, 0, 1, 0, 1, 0, 1, 1, 0, 0, 1, 0, 0, 0, 0, 1, 0, 0, 1, 0, 0, 0, 0, 1, 1, 1, 1, 1, 0, 0, 0, 0]
Demo-data :         [[0, 0, 1, 0, 0, 0, 0, 0, 0, 0, 0, 0], 4, [-3.096, -0.678, 97.099], 0.0, [0.0, 0.0, 0.0], 0, [0.0, 0.0, 0.0, 0.0, 0.0, 0.0, 0.0, 0.0, 0.0], [0.0, 0.0, 0.0], 0, 3, [-0.12341058254241943, -0.9923428893089294, -0.005067488178610802, 0.9908846020698547, -0.1229480504989624, -0.05506165698170662, 0.054016999900341034, -0.011816482990980148, 0.9984700679779053], [0.32084640860557556, 0.7789214849472046, -239.0]]
------------------
##### Demo Mode: On   , NavData-Packages: None
Number of package : 9069
Receifetime :       1496386099.36 , 	0.0665349960327 sec ago
Time to decode :    5.3882598877e-05
Included packages : ['demo', 'state']
State-data :        [0, 0, 1, 0, 1, 0, 1, 1, 0, 0, 1, 0, 0, 0, 0, 1, 0, 0, 1, 0, 0, 0, 0, 1, 1, 1, 1, 1, 0, 0, 0, 0]
Demo-data :         [[0, 0, 1, 0, 0, 0, 0, 0, 0, 0, 0, 0], 4, [-3.091, -0.68, 97.102], 0.0, [0.0, 0.0, 0.0], 0, [0.0, 0.0, 0.0, 0.0, 0.0, 0.0, 0.0, 0.0, 0.0], [0.0, 0.0, 0.0], 0, 3, [-0.12347126007080078, -0.9923351407051086, -0.005116783082485199, 0.9908813834190369, -0.12300682067871094, -0.0549892783164978, 0.05393838882446289, -0.01185971312224865, 0.9984738826751709], [0.32079920172691345, 0.7789408564567566, -239.0]]
------------------
##### Demo Mode: On   , NavData-Packages: None
Number of package : 9070
Receifetime :       1496386099.43 , 	0.068755865097 sec ago
Time to decode :    5.19752502441e-05
Included packages : ['demo', 'state']
State-data :        [0, 0, 1, 0, 1, 0, 1, 1, 0, 0, 1, 0, 0, 0, 0, 1, 0, 0, 1, 0, 0, 0, 0, 1, 1, 1, 1, 1, 0, 0, 0, 0]
Demo-data :         [[0, 0, 1, 0, 0, 0, 0, 0, 0, 0, 0, 0], 4, [-3.085, -0.676, 97.104], 0.0, [0.0, 0.0, 0.0], 0, [0.0, 0.0, 0.0, 0.0, 0.0, 0.0, 0.0, 0.0, 0.0], [0.0, 0.0, 0.0], 0, 3, [-0.12349545955657959, -0.9923321604728699, -0.005064390599727631, 0.9908842444419861, -0.12303519248962402, -0.05486952140927315, 0.05382569506764412, -0.011794362217187881, 0.9984806776046753], [0.32078102231025696, 0.7789484262466431, -239.0]]
------------------
##### Demo Mode: On   , NavData-Packages: None
Number of package : 9071
Receifetime :       1496386099.49 , 	0.0638511180878 sec ago
Time to decode :    6.89029693604e-05
Included packages : ['demo', 'state']
State-data :        [0, 0, 1, 0, 1, 0, 1, 1, 0, 0, 1, 0, 0, 0, 0, 1, 0, 0, 1, 0, 0, 0, 0, 1, 1, 1, 1, 1, 0, 0, 0, 0]
Demo-data :         [[0, 0, 1, 0, 0, 0, 0, 0, 0, 0, 0, 0], 4, [-3.088, -0.674, 97.107], 0.0, [0.0, 0.0, 0.0], 0, [0.0, 0.0, 0.0, 0.0, 0.0, 0.0, 0.0, 0.0, 0.0], [0.0, 0.0, 0.0], 0, 3, [-0.12355518341064453, -0.9923251867294312, -0.005013102665543556, 0.990874171257019, -0.12309712171554565, -0.05491513013839722, 0.05387656390666962, -0.011752394959330559, 0.9984784722328186], [0.3207334876060486, 0.7789679765701294, -240.0]]
------------------
##### Demo Mode: On   , NavData-Packages: None
Number of package : 9072
Receifetime :       1496386099.56 , 	0.066123008728 sec ago
Time to decode :    4.6968460083e-05
Included packages : ['demo', 'state']
State-data :        [0, 0, 1, 0, 1, 0, 1, 1, 0, 0, 1, 0, 0, 0, 0, 1, 0, 0, 1, 0, 0, 0, 0, 1, 1, 1, 1, 1, 0, 0, 0, 0]
Demo-data :         [[0, 0, 1, 0, 0, 0, 0, 0, 0, 0, 0, 0], 4, [-3.094, -0.672, 97.11], 0.0, [0.0, 0.0, 0.0], 0, [0.0, 0.0, 0.0, 0.0, 0.0, 0.0, 0.0, 0.0, 0.0], [0.0, 0.0, 0.0], 0, 3, [-0.1236109733581543, -0.992318332195282, -0.004968313500285149, 0.9908618330955505, -0.12315410375595093, -0.055008985102176666, 0.05397455394268036, -0.0117226243019104, 0.9984734654426575], [0.32068926095962524, 0.7789860963821411, -239.0]]
------------------
##### Demo Mode: On   , NavData-Packages: None
Number of package : 9073
Receifetime :       1496386099.62 , 	0.0650129318237 sec ago
Time to decode :    0.0001060962677
Included packages : ['demo', 'state']
State-data :        [0, 0, 1, 0, 1, 0, 1, 1, 0, 0, 1, 0, 0, 0, 0, 1, 0, 0, 1, 0, 0, 0, 0, 1, 1, 1, 1, 1, 0, 0, 0, 0]
Demo-data :         [[0, 0, 1, 0, 0, 0, 0, 0, 0, 0, 0, 0], 4, [-3.102, -0.67, 97.112], 0.0, [0.0, 0.0, 0.0], 0, [0.0, 0.0, 0.0, 0.0, 0.0, 0.0, 0.0, 0.0, 0.0], [0.0, 0.0, 0.0], 0, 3, [-0.12363088130950928, -0.9923161864280701, -0.004914030432701111, 0.9908513426780701, -0.12317532300949097, -0.05515052378177643, 0.0541214644908905, -0.011687377467751503, 0.9984659552574158], [0.3206726014614105, 0.7789930701255798, -239.0]]
------------------
##### Demo Mode: On   , NavData-Packages: None
Number of package : 9074
Receifetime :       1496386099.68 , 	0.0659351348877 sec ago
Time to decode :    4.79221343994e-05
Included packages : ['demo', 'state']
State-data :        [0, 0, 1, 0, 1, 0, 1, 1, 0, 0, 1, 0, 0, 0, 0, 1, 0, 0, 1, 0, 0, 0, 0, 1, 1, 1, 1, 1, 0, 0, 0, 0]
Demo-data :         [[0, 0, 1, 0, 0, 0, 0, 0, 0, 0, 0, 0], 4, [-3.109, -0.669, 97.113], 0.0, [0.0, 0.0, 0.0], 0, [0.0, 0.0, 0.0, 0.0, 0.0, 0.0, 0.0, 0.0, 0.0], [0.0, 0.0, 0.0], 0, 3, [-0.12366068363189697, -0.9923126697540283, -0.0048760417848825455, 0.9908409118652344, -0.12320566177368164, -0.055271491408348083, 0.05424583703279495, -0.011666283011436462, 0.9984594583511353], [0.32064875960350037, 0.779002845287323, -239.0]]
------------------
##### Demo Mode: On   , NavData-Packages: None
Number of package : 9075
Receifetime :       1496386099.75 , 	0.0660209655762 sec ago
Time to decode :    5.50746917725e-05
Included packages : ['demo', 'state']
State-data :        [0, 0, 1, 0, 1, 0, 1, 1, 0, 0, 1, 0, 0, 0, 0, 1, 0, 0, 1, 0, 0, 0, 0, 1, 1, 1, 1, 1, 0, 0, 0, 0]
Demo-data :         [[0, 0, 1, 0, 0, 0, 0, 0, 0, 0, 0, 0], 4, [-3.109, -0.67, 97.117], 0.0, [0.0, 0.0, 0.0], 0, [0.0, 0.0, 0.0, 0.0, 0.0, 0.0, 0.0, 0.0, 0.0], [0.0, 0.0, 0.0], 0, 3, [-0.12371724843978882, -0.9923053979873657, -0.004898158833384514, 0.99083411693573, -0.12326103448867798, -0.05526774004101753, 0.05423872917890549, -0.011690836399793625, 0.9984595775604248], [0.32060420513153076, 0.779021143913269, -239.0]]
------------------
##### Demo Mode: On   , NavData-Packages: None
Number of package : 9076
Receifetime :       1496386099.81 , 	0.0659971237183 sec ago
Time to decode :    0.000127077102661
Included packages : ['demo', 'state']
State-data :        [0, 0, 1, 0, 1, 0, 1, 1, 0, 0, 1, 0, 0, 0, 0, 1, 0, 0, 1, 0, 0, 0, 0, 1, 1, 1, 1, 1, 0, 0, 0, 0]
Demo-data :         [[0, 0, 1, 0, 0, 0, 0, 0, 0, 0, 0, 0], 4, [-3.117, -0.668, 97.12], 0.0, [0.0, 0.0, 0.0], 0, [0.0, 0.0, 0.0, 0.0, 0.0, 0.0, 0.0, 0.0, 0.0], [0.0, 0.0, 0.0], 0, 3, [-0.12376689910888672, -0.9922997355461121, -0.004835817962884903, 0.9908204674720764, -0.12331241369247437, -0.055400483310222626, 0.05437755957245827, -0.011648168787360191, 0.9984524846076965], [0.32056447863578796, 0.7790374755859375, -239.0]]
------------------
##### Demo Mode: On   , NavData-Packages: None
Number of package : 9077
Receifetime :       1496386099.88 , 	0.0653369426727 sec ago
Time to decode :    5.48362731934e-05
Included packages : ['demo', 'state']
State-data :        [0, 0, 1, 0, 1, 0, 1, 1, 0, 0, 1, 0, 0, 0, 0, 1, 0, 0, 1, 0, 0, 0, 0, 1, 1, 1, 1, 1, 0, 0, 0, 0]
Demo-data :         [[0, 0, 1, 0, 0, 0, 0, 0, 0, 0, 0, 0], 4, [-3.125, -0.664, 97.122], 0.0, [0.0, 0.0, 0.0], 0, [0.0, 0.0, 0.0, 0.0, 0.0, 0.0, 0.0, 0.0, 0.0], [0.0, 0.0, 0.0], 0, 3, [-0.12381148338317871, -0.992294430732727, -0.004754446446895599, 0.9908064603805542, -0.12335973978042603, -0.05554322153329849, 0.05452871695160866, -0.01158762164413929, 0.9984449744224548], [0.32052841782569885, 0.7790523171424866, -239.0]]
------------------
##### Demo Mode: On   , NavData-Packages: None
Number of package : 9078
Receifetime :       1496386099.94 , 	0.066508769989 sec ago
Time to decode :    5.29289245605e-05
Included packages : ['demo', 'state']
State-data :        [0, 0, 1, 0, 1, 0, 1, 1, 0, 0, 1, 0, 0, 0, 0, 1, 0, 0, 1, 0, 0, 0, 0, 1, 1, 1, 1, 1, 0, 0, 0, 0]
Demo-data :         [[0, 0, 1, 0, 0, 0, 0, 0, 0, 0, 0, 0], 4, [-3.133, -0.662, 97.124], 0.0, [0.0, 0.0, 0.0], 0, [0.0, 0.0, 0.0, 0.0, 0.0, 0.0, 0.0, 0.0, 0.0], [0.0, 0.0, 0.0], 0, 3, [-0.12383544445037842, -0.9922917485237122, -0.0046943072229623795, 0.9907957911491394, -0.12338536977767944, -0.05567607283592224, 0.054667696356773376, -0.01154576800763607, 0.9984378218650818], [0.3205091059207916, 0.7790603637695312, -239.0]]
------------------
##### Demo Mode: On   , NavData-Packages: None
Number of package : 9079
Receifetime :       1496386100.01 , 	0.0655748844147 sec ago
Time to decode :    5.3882598877e-05
Included packages : ['demo', 'state']
State-data :        [0, 0, 1, 0, 1, 0, 1, 1, 0, 0, 1, 0, 0, 0, 0, 1, 0, 0, 1, 0, 0, 0, 0, 1, 1, 1, 1, 1, 0, 0, 0, 0]
Demo-data :         [[0, 0, 1, 0, 0, 0, 0, 0, 0, 0, 0, 0], 4, [-3.126, -0.659, 97.126], 0.0, [0.0, 0.0, 0.0], 0, [0.0, 0.0, 0.0, 0.0, 0.0, 0.0, 0.0, 0.0, 0.0], [0.0, 0.0, 0.0], 0, 3, [-0.12387549877166748, -0.9922869801521301, -0.0046562310308218, 0.9907975792884827, -0.12342888116836548, -0.05554918199777603, 0.054546013474464417, -0.011494554579257965, 0.9984450936317444], [0.32047829031944275, 0.7790729999542236, -239.0]]
------------------
##### Demo Mode: On   , NavData-Packages: None
Number of package : 9080
Receifetime :       1496386100.07 , 	0.0666620731354 sec ago
Time to decode :    5.10215759277e-05
Included packages : ['demo', 'state']
State-data :        [0, 0, 1, 0, 1, 0, 1, 1, 0, 0, 1, 0, 0, 0, 0, 1, 0, 0, 1, 0, 0, 0, 0, 1, 1, 1, 1, 1, 0, 0, 0, 0]
Demo-data :         [[0, 0, 1, 0, 0, 0, 0, 0, 0, 0, 0, 0], 4, [-3.12, -0.658, 97.129], 0.0, [0.0, 0.0, 0.0], 0, [0.0, 0.0, 0.0, 0.0, 0.0, 0.0, 0.0, 0.0, 0.0], [0.0, 0.0, 0.0], 0, 3, [-0.1239248514175415, -0.9922807216644287, -0.004647478461265564, 0.9907972812652588, -0.12347996234893799, -0.05543973296880722, 0.05443790555000305, -0.011475065723061562, 0.9984512329101562], [0.32044005393981934, 0.7790887355804443, -239.0]]
------------------
##### Demo Mode: On   , NavData-Packages: None
Number of package : 9081
Receifetime :       1496386100.14 , 	0.0671629905701 sec ago
Time to decode :    0.000113964080811
Included packages : ['demo', 'state']
State-data :        [0, 0, 1, 0, 1, 0, 1, 1, 0, 0, 1, 0, 0, 0, 0, 1, 0, 0, 1, 0, 0, 0, 0, 1, 1, 1, 1, 1, 0, 0, 0, 0]
Demo-data :         [[0, 0, 1, 0, 0, 0, 0, 0, 0, 0, 0, 0], 4, [-3.122, -0.658, 97.129], 0.0, [0.0, 0.0, 0.0], 0, [0.0, 0.0, 0.0, 0.0, 0.0, 0.0, 0.0, 0.0, 0.0], [0.0, 0.0, 0.0], 0, 3, [-0.12393367290496826, -0.9922796487808228, -0.004638107493519783, 0.99079430103302, -0.1234889030456543, -0.055472202599048615, 0.05447118729352951, -0.011470280587673187, 0.998449444770813], [0.32043296098709106, 0.7790916562080383, -239.0]]
------------------
##### Demo Mode: On   , NavData-Packages: None
Number of package : 9082
Receifetime :       1496386100.21 , 	0.065239906311 sec ago
Time to decode :    4.91142272949e-05
Included packages : ['demo', 'state']
State-data :        [0, 0, 1, 0, 1, 0, 1, 1, 0, 0, 1, 0, 0, 0, 0, 1, 0, 0, 1, 0, 0, 0, 0, 1, 1, 1, 1, 1, 0, 0, 0, 0]
Demo-data :         [[0, 0, 1, 0, 0, 0, 0, 0, 0, 0, 0, 0], 4, [-3.122, -0.655, 97.131], 0.0, [0.0, 0.0, 0.0], 0, [0.0, 0.0, 0.0, 0.0, 0.0, 0.0, 0.0, 0.0, 0.0], [0.0, 0.0, 0.0], 0, 3, [-0.1239708662033081, -0.9922752380371094, -0.004587177187204361, 0.9907898902893066, -0.12352889776229858, -0.05546174943447113, 0.054466672241687775, -0.011420564725995064, 0.9984502196311951], [0.3204036355018616, 0.7791037559509277, -239.0]]
------------------
##### Demo Mode: On   , NavData-Packages: None
Number of package : 9083
Receifetime :       1496386100.27 , 	0.0662469863892 sec ago
Time to decode :    5.00679016113e-05
Included packages : ['demo', 'state']
State-data :        [0, 0, 1, 0, 1, 0, 1, 1, 0, 0, 1, 0, 0, 0, 0, 1, 0, 0, 1, 0, 0, 0, 0, 1, 1, 1, 1, 1, 0, 0, 0, 0]
Demo-data :         [[0, 0, 1, 0, 0, 0, 0, 0, 0, 0, 0, 0], 4, [-3.121, -0.655, 97.135], 0.0, [0.0, 0.0, 0.0], 0, [0.0, 0.0, 0.0, 0.0, 0.0, 0.0, 0.0, 0.0, 0.0], [0.0, 0.0, 0.0], 0, 3, [-0.12403291463851929, -0.9922675490379333, -0.0045860931277275085, 0.9907826781272888, -0.12359100580215454, -0.05545257031917572, 0.054456982761621475, -0.01142176240682602, 0.998450756072998], [0.3203549385070801, 0.7791237235069275, -239.0]]
------------------
##### Demo Mode: On   , NavData-Packages: None
Number of package : 9084
Receifetime :       1496386100.33 , 	0.0654151439667 sec ago
Time to decode :    5.22136688232e-05
Included packages : ['demo', 'state']
State-data :        [0, 0, 1, 0, 1, 0, 1, 1, 0, 0, 1, 0, 0, 0, 0, 1, 0, 0, 1, 0, 0, 0, 0, 1, 1, 1, 1, 1, 0, 0, 0, 0]
Demo-data :         [[0, 0, 1, 0, 0, 0, 0, 0, 0, 0, 0, 0], 4, [-3.126, -0.654, 97.136], 0.0, [0.0, 0.0, 0.0], 0, [0.0, 0.0, 0.0, 0.0, 0.0, 0.0, 0.0, 0.0, 0.0], [0.0, 0.0, 0.0], 0, 3, [-0.12405413389205933, -0.9922651052474976, -0.004552982747554779, 0.9907759428024292, -0.12361317873001099, -0.05552487447857857, 0.05453258380293846, -0.011399071663618088, 0.9984469413757324], [0.3203378915786743, 0.779130756855011, -239.0]]
------------------
##### Demo Mode: On   , NavData-Packages: None
Number of package : 9085
Receifetime :       1496386100.4 , 	0.0660212039948 sec ago
Time to decode :    5.3882598877e-05
Included packages : ['demo', 'state']
State-data :        [0, 0, 1, 0, 1, 0, 1, 1, 0, 0, 1, 0, 0, 0, 0, 1, 0, 0, 1, 0, 0, 0, 0, 1, 1, 1, 1, 1, 0, 0, 0, 0]
Demo-data :         [[0, 0, 1, 0, 0, 0, 0, 0, 0, 0, 0, 0], 4, [-3.118, -0.66, 97.139], 0.0, [0.0, 0.0, 0.0], 0, [0.0, 0.0, 0.0, 0.0, 0.0, 0.0, 0.0, 0.0, 0.0], [0.0, 0.0, 0.0], 0, 3, [-0.12410193681716919, -0.9922584295272827, -0.004671016708016396, 0.990776777267456, -0.12365579605102539, -0.055412665009498596, 0.05440608412027359, -0.011504756286740303, 0.9984526038169861], [0.3203010857105255, 0.7791458964347839, -239.0]]
------------------
##### Demo Mode: On   , NavData-Packages: None
Number of package : 9086
Receifetime :       1496386100.46 , 	0.0664908885956 sec ago
Time to decode :    5.29289245605e-05
Included packages : ['demo', 'state']
State-data :        [0, 0, 1, 0, 1, 0, 1, 1, 0, 0, 1, 0, 0, 0, 0, 1, 0, 0, 1, 0, 0, 0, 0, 1, 1, 1, 1, 1, 0, 0, 0, 0]
Demo-data :         [[0, 0, 1, 0, 0, 0, 0, 0, 0, 0, 0, 0], 4, [-3.112, -0.662, 97.141], 0.0, [0.0, 0.0, 0.0], 0, [0.0, 0.0, 0.0, 0.0, 0.0, 0.0, 0.0, 0.0, 0.0], [0.0, 0.0, 0.0], 0, 3, [-0.12412852048873901, -0.9922549724578857, -0.004723396152257919, 0.9907793998718262, -0.12368059158325195, -0.055311419069767, 0.05429883673787117, -0.011545566841959953, 0.9984579682350159], [0.32028067111968994, 0.7791542410850525, -240.0]]
------------------
##### Demo Mode: On   , NavData-Packages: None
Number of package : 9087
Receifetime :       1496386100.53 , 	0.0650000572205 sec ago
Time to decode :    0.000113010406494
Included packages : ['demo', 'state']
State-data :        [0, 0, 1, 0, 1, 0, 1, 1, 0, 0, 1, 0, 0, 0, 0, 1, 0, 0, 1, 0, 0, 0, 0, 1, 1, 1, 1, 1, 0, 0, 0, 0]
Demo-data :         [[0, 0, 1, 0, 0, 0, 0, 0, 0, 0, 0, 0], 4, [-3.103, -0.664, 97.142], 0.0, [0.0, 0.0, 0.0], 0, [0.0, 0.0, 0.0, 0.0, 0.0, 0.0, 0.0, 0.0, 0.0], [0.0, 0.0, 0.0], 0, 3, [-0.12415754795074463, -0.9922511577606201, -0.0047674477100372314, 0.9907844066619873, -0.12370896339416504, -0.055160026997327805, 0.05414281785488129, -0.011572036892175674, 0.9984661340713501], [0.3202587068080902, 0.7791632413864136, -239.0]]
------------------
##### Demo Mode: On   , NavData-Packages: None
Number of package : 9088
Receifetime :       1496386100.59 , 	0.0664088726044 sec ago
Time to decode :    5.29289245605e-05
Included packages : ['demo', 'state']
State-data :        [0, 0, 1, 0, 1, 0, 1, 1, 0, 0, 1, 0, 0, 0, 0, 1, 0, 0, 1, 0, 0, 0, 0, 1, 1, 1, 1, 1, 0, 0, 0, 0]
Demo-data :         [[0, 0, 1, 0, 0, 0, 0, 0, 0, 0, 0, 0], 4, [-3.097, -0.666, 97.144], 0.0, [0.0, 0.0, 0.0], 0, [0.0, 0.0, 0.0, 0.0, 0.0, 0.0, 0.0, 0.0, 0.0], [0.0, 0.0, 0.0], 0, 3, [-0.12418705224990845, -0.9922471642494202, -0.0048225391656160355, 0.9907868504524231, -0.12373673915863037, -0.055052705109119415, 0.054029159247875214, -0.011614935472607613, 0.9984717965126038], [0.32023605704307556, 0.7791725993156433, -239.0]]
------------------
##### Demo Mode: On   , NavData-Packages: None
Number of package : 9089
Receifetime :       1496386100.66 , 	0.0666818618774 sec ago
Time to decode :    5.3882598877e-05
Included packages : ['demo', 'state']
State-data :        [0, 0, 1, 0, 1, 0, 1, 1, 0, 0, 1, 0, 0, 0, 0, 1, 0, 0, 1, 0, 0, 0, 0, 1, 1, 1, 1, 1, 0, 0, 0, 0]
Demo-data :         [[0, 0, 1, 0, 0, 0, 0, 0, 0, 0, 0, 0], 4, [-3.1, -0.663, 97.146], 0.0, [0.0, 0.0, 0.0], 0, [0.0, 0.0, 0.0, 0.0, 0.0, 0.0, 0.0, 0.0, 0.0], [0.0, 0.0, 0.0], 0, 3, [-0.12422585487365723, -0.9922426342964172, -0.004764668643474579, 0.9907789826393127, -0.12377804517745972, -0.05510091781616211, 0.05408371239900589, -0.011565690860152245, 0.9984694123268127], [0.3202052116394043, 0.7791852355003357, -239.0]]
------------------
##### Demo Mode: On   , NavData-Packages: None
Number of package : 9090
Receifetime :       1496386100.72 , 	0.0670390129089 sec ago
Time to decode :    4.88758087158e-05
Included packages : ['demo', 'state']
State-data :        [0, 0, 1, 0, 1, 0, 1, 1, 0, 0, 1, 0, 0, 0, 0, 1, 0, 0, 1, 0, 0, 0, 0, 1, 1, 1, 1, 1, 0, 0, 0, 0]
Demo-data :         [[0, 0, 1, 0, 0, 0, 0, 0, 0, 0, 0, 0], 4, [-3.104, -0.662, 97.147], 0.0, [0.0, 0.0, 0.0], 0, [0.0, 0.0, 0.0, 0.0, 0.0, 0.0, 0.0, 0.0, 0.0], [0.0, 0.0, 0.0], 0, 3, [-0.12423616647720337, -0.9922415018081665, -0.004730330780148506, 0.9907734394073486, -0.12378931045532227, -0.055175408720970154, 0.05416175723075867, -0.011541463434696198, 0.9984654784202576], [0.3201966881752014, 0.7791887521743774, -239.0]]
------------------
##### Demo Mode: On   , NavData-Packages: None
Number of package : 9091
Receifetime :       1496386100.79 , 	0.0644068717957 sec ago
Time to decode :    5.29289245605e-05
Included packages : ['demo', 'state']
State-data :        [0, 0, 1, 0, 1, 0, 1, 1, 0, 0, 1, 0, 0, 0, 0, 1, 0, 0, 1, 0, 0, 0, 0, 1, 1, 1, 1, 1, 0, 0, 0, 0]
Demo-data :         [[0, 0, 1, 0, 0, 0, 0, 0, 0, 0, 0, 0], 4, [-3.113, -0.66, 97.149], 0.0, [0.0, 0.0, 0.0], 0, [0.0, 0.0, 0.0, 0.0, 0.0, 0.0, 0.0, 0.0, 0.0], [0.0, 0.0, 0.0], 0, 3, [-0.1242668628692627, -0.9922378659248352, -0.004681214690208435, 0.9907613396644592, -0.12382090091705322, -0.05532252788543701, 0.05431346967816353, -0.011512713506817818, 0.9984575510025024], [0.3201717734336853, 0.7791990637779236, -239.0]]
------------------
##### Demo Mode: On   , NavData-Packages: None
Number of package : 9092
Receifetime :       1496386100.85 , 	0.068598985672 sec ago
Time to decode :    5.29289245605e-05
Included packages : ['demo', 'state']
State-data :        [0, 0, 1, 0, 1, 0, 1, 1, 0, 0, 1, 0, 0, 0, 0, 1, 0, 0, 1, 0, 0, 0, 0, 1, 1, 1, 1, 1, 0, 0, 0, 0]
Demo-data :         [[0, 0, 1, 0, 0, 0, 0, 0, 0, 0, 0, 0], 4, [-3.117, -0.657, 97.151], 0.0, [0.0, 0.0, 0.0], 0, [0.0, 0.0, 0.0, 0.0, 0.0, 0.0, 0.0, 0.0, 0.0], [0.0, 0.0, 0.0], 0, 3, [-0.12430131435394287, -0.9922338128089905, -0.004616677761077881, 0.9907534718513489, -0.12385815382003784, -0.055378928780555725, 0.054377030581235886, -0.011457659304141998, 0.998454749584198], [0.32014426589012146, 0.7792102694511414, -239.0]]
------------------
##### Demo Mode: On   , NavData-Packages: None
Number of package : 9093
Receifetime :       1496386100.92 , 	0.0643179416656 sec ago
Time to decode :    5.19752502441e-05
Included packages : ['demo', 'state']
State-data :        [0, 0, 1, 0, 1, 0, 1, 1, 0, 0, 1, 0, 0, 0, 0, 1, 0, 0, 1, 0, 0, 0, 0, 1, 1, 1, 1, 1, 0, 0, 0, 0]
Demo-data :         [[0, 0, 1, 0, 0, 0, 0, 0, 0, 0, 0, 0], 4, [-3.119, -0.657, 97.154], 0.0, [0.0, 0.0, 0.0], 0, [0.0, 0.0, 0.0, 0.0, 0.0, 0.0, 0.0, 0.0, 0.0], [0.0, 0.0, 0.0], 0, 3, [-0.12436825037002563, -0.9922256469726562, -0.004606479778885841, 0.9907426834106445, -0.1239250898361206, -0.05542474240064621, 0.05442298203706741, -0.011456908658146858, 0.9984522461891174], [0.3200915455818176, 0.7792320251464844, -239.0]]
------------------
##### Demo Mode: On   , NavData-Packages: None
Number of package : 9094
Receifetime :       1496386100.98 , 	0.0668890476227 sec ago
Time to decode :    5.19752502441e-05
Included packages : ['demo', 'state']
State-data :        [0, 0, 1, 0, 1, 0, 1, 1, 0, 0, 1, 0, 0, 0, 0, 1, 0, 0, 1, 0, 0, 0, 0, 1, 1, 1, 1, 1, 0, 0, 0, 0]
Demo-data :         [[0, 0, 1, 0, 0, 0, 0, 0, 0, 0, 0, 0], 4, [-3.119, -0.663, 97.159], 0.0, [0.0, 0.0, 0.0], 0, [0.0, 0.0, 0.0, 0.0, 0.0, 0.0, 0.0, 0.0, 0.0], [0.0, 0.0, 0.0], 0, 3, [-0.12444472312927246, -0.9922154545783997, -0.00469941645860672, 0.9907328486442566, -0.12399619817733765, -0.0554378405213356, 0.05442356690764427, -0.011554809287190437, 0.9984510540962219], [0.3200313150882721, 0.7792567014694214, -239.0]]
------------------
##### Demo Mode: On   , NavData-Packages: None
Number of package : 9095
Receifetime :       1496386101.05 , 	0.0656390190125 sec ago
Time to decode :    5.19752502441e-05
Included packages : ['demo', 'state']
State-data :        [0, 0, 1, 0, 1, 0, 1, 1, 0, 0, 1, 0, 0, 0, 0, 1, 0, 0, 1, 0, 0, 0, 0, 1, 1, 1, 1, 1, 0, 0, 0, 0]
Demo-data :         [[0, 0, 1, 0, 0, 0, 0, 0, 0, 0, 0, 0], 4, [-3.122, -0.66, 97.16], 0.0, [0.0, 0.0, 0.0], 0, [0.0, 0.0, 0.0, 0.0, 0.0, 0.0, 0.0, 0.0, 0.0], [0.0, 0.0, 0.0], 0, 3, [-0.12445878982543945, -0.992214024066925, -0.004649819806218147, 0.9907286763191223, -0.12401247024536133, -0.05547868832945824, 0.054470084607601166, -0.011511515825986862, 0.9984490871429443], [0.32001984119415283, 0.7792614698410034, -239.0]]
------------------
##### Demo Mode: On   , NavData-Packages: None
Number of package : 9096
Receifetime :       1496386101.11 , 	0.0659608840942 sec ago
Time to decode :    5.41210174561e-05
Included packages : ['demo', 'state']
State-data :        [0, 0, 1, 0, 1, 0, 1, 1, 0, 0, 1, 0, 0, 0, 0, 1, 0, 0, 1, 0, 0, 0, 0, 1, 1, 1, 1, 1, 0, 0, 0, 0]
Demo-data :         [[0, 0, 1, 0, 0, 0, 0, 0, 0, 0, 0, 0], 4, [-3.114, -0.657, 97.163], 0.0, [0.0, 0.0, 0.0], 0, [0.0, 0.0, 0.0, 0.0, 0.0, 0.0, 0.0, 0.0, 0.0], [0.0, 0.0, 0.0], 0, 3, [-0.12450820207595825, -0.9922080039978027, -0.0046076662838459015, 0.990729808807373, -0.12406575679779053, -0.05533847212791443, 0.054335612803697586, -0.01145503856241703, 0.9984570145606995], [0.31998154520988464, 0.7792771458625793, -239.0]]
------------------
##### Demo Mode: On   , NavData-Packages: None
Number of package : 9097
Receifetime :       1496386101.18 , 	0.0664641857147 sec ago
Time to decode :    5.3882598877e-05
Included packages : ['demo', 'state']
State-data :        [0, 0, 1, 0, 1, 0, 1, 1, 0, 0, 1, 0, 0, 0, 0, 1, 0, 0, 1, 0, 0, 0, 0, 1, 1, 1, 1, 1, 0, 0, 0, 0]
Demo-data :         [[0, 0, 1, 0, 0, 0, 0, 0, 0, 0, 0, 0], 4, [-3.113, -0.659, 97.164], 0.0, [0.0, 0.0, 0.0], 0, [0.0, 0.0, 0.0, 0.0, 0.0, 0.0, 0.0, 0.0, 0.0], [0.0, 0.0, 0.0], 0, 3, [-0.12453466653823853, -0.9922044277191162, -0.004654452204704285, 0.9907281398773193, -0.12408989667892456, -0.05531466379761696, 0.05430588126182556, -0.011499885469675064, 0.9984581470489502], [0.3199610710144043, 0.7792855501174927, -239.0]]
------------------
##### Demo Mode: On   , NavData-Packages: None
Number of package : 9098
Receifetime :       1496386101.24 , 	0.0661010742188 sec ago
Time to decode :    8.20159912109e-05
Included packages : ['demo', 'state']
State-data :        [0, 0, 1, 0, 1, 0, 1, 1, 0, 0, 1, 0, 0, 0, 0, 1, 0, 0, 1, 0, 0, 0, 0, 1, 1, 1, 1, 1, 0, 0, 0, 0]
Demo-data :         [[0, 0, 1, 0, 0, 0, 0, 0, 0, 0, 0, 0], 4, [-3.12, -0.663, 97.168], 0.0, [0.0, 0.0, 0.0], 0, [0.0, 0.0, 0.0, 0.0, 0.0, 0.0, 0.0, 0.0, 0.0], [0.0, 0.0, 0.0], 0, 3, [-0.12460899353027344, -0.9921948313713074, -0.004703398793935776, 0.9907119870185852, -0.12415993213653564, -0.055445894598960876, 0.054429154843091965, -0.011568767949938774, 0.9984506368637085], [0.3199020028114319, 0.7793097496032715, -239.0]]
------------------
##### Demo Mode: On   , NavData-Packages: None
Number of package : 9099
Receifetime :       1496386101.31 , 	0.0660078525543 sec ago
Time to decode :    4.60147857666e-05
Included packages : ['demo', 'state']
State-data :        [0, 0, 1, 0, 1, 0, 1, 1, 0, 0, 1, 0, 0, 0, 0, 1, 0, 0, 1, 0, 0, 0, 0, 1, 1, 1, 1, 1, 0, 0, 0, 0]
Demo-data :         [[0, 0, 1, 0, 0, 0, 0, 0, 0, 0, 0, 0], 4, [-3.111, -0.661, 97.174], 0.0, [0.0, 0.0, 0.0], 0, [0.0, 0.0, 0.0, 0.0, 0.0, 0.0, 0.0, 0.0, 0.0], [0.0, 0.0, 0.0], 0, 3, [-0.12470293045043945, -0.9921830892562866, -0.004679996520280838, 0.9907081127166748, -0.12425673007965088, -0.05529693514108658, 0.05428316444158554, -0.011532200500369072, 0.998458981513977], [0.3198288083076477, 0.7793399095535278, -239.0]]
------------------
##### Demo Mode: On   , NavData-Packages: None
Number of package : 9100
Receifetime :       1496386101.37 , 	0.0665230751038 sec ago
Time to decode :    5.31673431396e-05
Included packages : ['demo', 'state']
State-data :        [0, 0, 1, 0, 1, 0, 1, 1, 0, 0, 1, 0, 0, 0, 0, 1, 0, 0, 1, 0, 0, 0, 0, 1, 1, 1, 1, 1, 0, 0, 0, 0]
Demo-data :         [[0, 0, 1, 0, 0, 0, 0, 0, 0, 0, 0, 0], 4, [-3.109, -0.663, 97.174], 0.0, [0.0, 0.0, 0.0], 0, [0.0, 0.0, 0.0, 0.0, 0.0, 0.0, 0.0, 0.0, 0.0], [0.0, 0.0, 0.0], 0, 3, [-0.1247096061706543, -0.9921822547912598, -0.004715051501989365, 0.9907095432281494, -0.12426185607910156, -0.055261559784412384, 0.054243627935647964, -0.011562883853912354, 0.9984607696533203], [0.3198239803314209, 0.7793418169021606, -239.0]]
------------------
##### Demo Mode: On   , NavData-Packages: None
Number of package : 9101
Receifetime :       1496386101.44 , 	0.0668251514435 sec ago
Time to decode :    8.10623168945e-05
Included packages : ['demo', 'state']
State-data :        [0, 0, 1, 0, 1, 0, 1, 1, 0, 0, 1, 0, 0, 0, 0, 1, 0, 0, 1, 0, 0, 0, 0, 1, 1, 1, 1, 1, 0, 0, 0, 0]
Demo-data :         [[0, 0, 1, 0, 0, 0, 0, 0, 0, 0, 0, 0], 4, [-3.117, -0.661, 97.177], 0.0, [0.0, 0.0, 0.0], 0, [0.0, 0.0, 0.0, 0.0, 0.0, 0.0, 0.0, 0.0, 0.0], [0.0, 0.0, 0.0], 0, 3, [-0.12476259469985962, -0.9921756386756897, -0.004665445536375046, 0.9906952977180481, -0.12431597709655762, -0.05539198964834213, 0.05437859520316124, -0.011532885953783989, 0.9984537959098816], [0.319781631231308, 0.7793592810630798, -239.0]]
------------------
##### Demo Mode: On   , NavData-Packages: None
Number of package : 9102
Receifetime :       1496386101.5 , 	0.0661110877991 sec ago
Time to decode :    5.19752502441e-05
Included packages : ['demo', 'state']
State-data :        [0, 0, 1, 0, 1, 0, 1, 1, 0, 0, 1, 0, 0, 0, 0, 1, 0, 0, 1, 0, 0, 0, 0, 1, 1, 1, 1, 1, 0, 0, 0, 0]
Demo-data :         [[0, 0, 1, 0, 0, 0, 0, 0, 0, 0, 0, 0], 4, [-3.112, -0.659, 97.178], 0.0, [0.0, 0.0, 0.0], 0, [0.0, 0.0, 0.0, 0.0, 0.0, 0.0, 0.0, 0.0, 0.0], [0.0, 0.0, 0.0], 0, 3, [-0.12477260828018188, -0.9921744465827942, -0.0046430956572294235, 0.9906982779502869, -0.1243281364440918, -0.055312033742666245, 0.054301917552948, -0.011501338332891464, 0.9984583258628845], [0.31977379322052, 0.7793624997138977, -239.0]]
------------------
##### Demo Mode: On   , NavData-Packages: None
Number of package : 9103
Receifetime :       1496386101.57 , 	0.0655839443207 sec ago
Time to decode :    5.29289245605e-05
Included packages : ['demo', 'state']
State-data :        [0, 0, 1, 0, 1, 0, 1, 1, 0, 0, 1, 0, 0, 0, 0, 1, 0, 0, 1, 0, 0, 0, 0, 1, 1, 1, 1, 1, 0, 0, 0, 0]
Demo-data :         [[0, 0, 1, 0, 0, 0, 0, 0, 0, 0, 0, 0], 4, [-3.105, -0.675, 97.181], 0.0, [0.0, 0.0, 0.0], 0, [0.0, 0.0, 0.0, 0.0, 0.0, 0.0, 0.0, 0.0, 0.0], [0.0, 0.0, 0.0], 0, 3, [-0.12483417987823486, -0.9921654462814331, -0.004925021901726723, 0.9906978607177734, -0.12437546253204346, -0.05521373450756073, 0.05416860431432724, -0.01177176833152771, 0.998462438583374], [0.31972625851631165, 0.7793819904327393, -239.0]]
------------------
##### Demo Mode: On   , NavData-Packages: None
Number of package : 9104
Receifetime :       1496386101.63 , 	0.0659699440002 sec ago
Time to decode :    5.48362731934e-05
Included packages : ['demo', 'state']
State-data :        [0, 0, 1, 0, 1, 0, 1, 1, 0, 0, 1, 0, 0, 0, 0, 1, 0, 0, 1, 0, 0, 0, 0, 1, 1, 1, 1, 1, 0, 0, 0, 0]
Demo-data :         [[0, 0, 1, 0, 0, 0, 0, 0, 0, 0, 0, 0], 4, [-3.097, -0.682, 97.186], 0.0, [0.0, 0.0, 0.0], 0, [0.0, 0.0, 0.0, 0.0, 0.0, 0.0, 0.0, 0.0, 0.0], [0.0, 0.0, 0.0], 0, 3, [-0.12491685152053833, -0.9921543598175049, -0.0050590187311172485, 0.990694522857666, -0.12445205450057983, -0.05510195717215538, 0.05404004082083702, -0.011895101517438889, 0.9984679222106934], [0.319661945104599, 0.7794083952903748, -239.0]]
------------------
##### Demo Mode: On   , NavData-Packages: None
Number of package : 9105
Receifetime :       1496386101.7 , 	0.0660669803619 sec ago
Time to decode :    5.41210174561e-05
Included packages : ['demo', 'state']
State-data :        [0, 0, 1, 0, 1, 0, 1, 1, 0, 0, 1, 0, 0, 0, 0, 1, 0, 0, 1, 0, 0, 0, 0, 1, 1, 1, 1, 1, 0, 0, 0, 0]
Demo-data :         [[0, 0, 1, 0, 0, 0, 0, 0, 0, 0, 0, 0], 4, [-3.1, -0.685, 97.19], 0.0, [0.0, 0.0, 0.0], 0, [0.0, 0.0, 0.0, 0.0, 0.0, 0.0, 0.0, 0.0, 0.0], [0.0, 0.0, 0.0], 0, 3, [-0.12498104572296143, -0.9921460151672363, -0.005105109885334969, 0.9906834363937378, -0.12451297044754028, -0.055161479860544205, 0.054092586040496826, -0.011951688677072525, 0.9984644055366516], [0.3196110129356384, 0.7794292569160461, -239.0]]
------------------
##### Demo Mode: On   , NavData-Packages: None
Number of package : 9106
Receifetime :       1496386101.76 , 	0.0659430027008 sec ago
Time to decode :    5.41210174561e-05
Included packages : ['demo', 'state']
State-data :        [0, 0, 1, 0, 1, 0, 1, 1, 0, 0, 1, 0, 0, 0, 0, 1, 0, 0, 1, 0, 0, 0, 0, 1, 1, 1, 1, 1, 0, 0, 0, 0]
Demo-data :         [[0, 0, 1, 0, 0, 0, 0, 0, 0, 0, 0, 0], 4, [-3.098, -0.69, 97.193], 0.0, [0.0, 0.0, 0.0], 0, [0.0, 0.0, 0.0, 0.0, 0.0, 0.0, 0.0, 0.0, 0.0], [0.0, 0.0, 0.0], 0, 3, [-0.12503153085708618, -0.9921392798423767, -0.005197051912546158, 0.9906795620918274, -0.12455874681472778, -0.055130161345005035, 0.054049454629421234, -0.012041615322232246, 0.9984656572341919], [0.3195716142654419, 0.7794453501701355, -239.0]]
------------------
##### Demo Mode: On   , NavData-Packages: None
Number of package : 9107
Receifetime :       1496386101.83 , 	0.065621137619 sec ago
Time to decode :    5.10215759277e-05
Included packages : ['demo', 'state']
